255 255 255 255 255 255 255 255 255 255 255 255 255 255 255 255
255 219 159 159 159 159 159 159 159 159 159 159 159 159 219 255
255 159   0   0   0   0   0   0   0   0   0   0   0   0 159 255
255 159   0 195 223 223 223 223 223 223 223 223 195   0 159 255
255 159   0 223 158 206 208 211 213 210 213 210 223   0 159 255
255 159   0 223 176 181 202 211 210 211 211 201 223   0 159 255
255 159   0 223 173 172 182 216 209 210 204 200 223   0 159 255
255 159   0 223 174 173 174 180 191 204 202 199 223   0 159 255
255 159   0 223 177 166 171 172 216 200 201 205 223   0 159 255
255 159   0 223 247 180 167 172 196 202 215 251 223   0 159 255
255 159   0 223 255 241 182 169 196 213 247 255 223   0 159 255
255 159   0 223 255 255 247 171 203 251 255 255 223   0 159 255
255 159   0 195 223 223 223 223 223 223 223 223 195   0 159 255
255 159   0   0   0   0   0   0   0   0   0   0   0   0 159 255
255 219 159 159 159 159 159 159 159 159 159 159 159 159 219 255
255 255 255 255 255 255 255 255 255 255 255 255 255 255 255 255
255 255 255 255 255 255 255 255 255 255 255 255 255 255 255 255
255 219 159 159 159 159 159 159 159 159 159 159 159 159 219 255
255 159   0   0   0   0   0   0   0   0   0   0   0   0 159 255
255 159   0 195 223 223 223 223 223 223 223 223 195   0 159 255
255 159   0 223 104 160 163 168 171 167 170 170 223   0 159 255
255 159   0 223 112 119 154 169 168 172 172 151 223   0 159 255
255 159   0 223 109 106 120 183 169 174 158 149 223   0 159 255
255 159   0 223 106 106 107 118 153 155 150 146 223   0 159 255
255 159   0 223 111  96 101 105 176 149 149 157 223   0 159 255
255 159   0 223 241 125  97 103 141 151 175 247 223   0 159 255
255 159   0 223 255 231 127  98 142 174 240 255 223   0 159 255
255 159   0 223 255 255 242 108 156 247 255 255 223   0 159 255
255 159   0 195 223 223 223 223 223 223 223 223 195   0 159 255
255 159   0   0   0   0   0   0   0   0   0   0   0   0 159 255
255 219 159 159 159 159 159 159 159 159 159 159 159 159 219 255
255 255 255 255 255 255 255 255 255 255 255 255 255 255 255 255
255 255 255 255 255 255 255 255 255 255 255 255 255 255 255 255
255 219 159 159 159 159 159 159 159 159 159 159 159 159 219 255
255 159   0   0   0   0   0   0   0   0   0   0   0   0 159 255
255 159   0 195 223 223 223 223 223 223 223 223 195   0 159 255
255 159   0 223 113 165 168 171 176 171 172 174 223   0 159 255
255 159   0 223 120 126 161 173 171 177 178 155 223   0 159 255
255 159   0 223 118 115 126 186 173 175 160 153 223   0 159 255
255 159   0 223 114 115 114 124 157 157 154 150 223   0 159 255
255 159   0 223 118 102 108 110 176 153 152 160 223   0 159 255
255 159   0 223 242 130 103 109 144 154 177 247 223   0 159 255
255 159   0 223 255 232 132 102 144 176 241 255 223   0 159 255
255 159   0 223 255 255 242 112 164 247 255 255 223   0 159 255
255 159   0 195 223 223 223 223 223 223 223 223 195   0 159 255
255 159   0   0   0   0   0   0   0   0   0   0   0   0 159 255
255 219 159 159 159 159 159 159 159 159 159 159 159 159 219 255
255 255 255 255 255 255 255 255 255 255 255 255 255 255 255 255

255 255 255 255 255 255 255 255 255 255 255 255 255 255 255 255
255 219 159 159 159 159 159 159 159 159 159 159 159 159 219 255
255 159   0   0   0   0   0   0   0   0   0   0   0   0 159 255
255 159   0 195 223 223 223 223 223 223 223 223 195   0 159 255
255 159   0 223 210 201 200 199 205 251 255 255 223   0 159 255
255 159   0 223 213 211 204 202 201 215 247 255 223   0 159 255
255 159   0 223 210 211 210 204 200 202 213 251 223   0 159 255
255 159   0 223 213 210 209 191 216 196 196 203 223   0 159 255
255 159   0 223 211 211 216 180 172 172 169 171 223   0 159 255
255 159   0 223 208 202 182 174 171 167 182 247 223   0 159 255
255 159   0 223 206 181 172 173 166 180 241 255 223   0 159 255
255 159   0 223 158 176 173 174 177 247 255 255 223   0 159 255
255 159   0 195 223 223 223 223 223 223 223 223 195   0 159 255
255 159   0   0   0   0   0   0   0   0   0   0   0   0 159 255
255 219 159 159 159 159 159 159 159 159 159 159 159 159 219 255
255 255 255 255 255 255 255 255 255 255 255 255 255 255 255 255
255 255 255 255 255 255 255 255 255 255 255 255 255 255 255 255
255 219 159 159 159 159 159 159 159 159 159 159 159 159 219 255
255 159   0   0   0   0   0   0   0   0   0   0   0   0 159 255
255 159   0 195 223 223 223 223 223 223 223 223 195   0 159 255
255 159   0 223 170 151 149 146 157 247 255 255 223   0 159 255
255 159   0 223 170 172 158 150 149 175 240 255 223   0 159 255
255 159   0 223 167 172 174 155 149 151 174 247 223   0 159 255
255 159   0 223 171 168 169 153 176 141 142 156 223   0 159 255
255 159   0 223 168 169 183 118 105 103  98 108 223   0 159 255
255 159   0 223 163 154 120 107 101  97 127 242 223   0 159 255
255 159   0 223 160 119 106 106  96 125 231 255 223   0 159 255
255 159   0 223 104 112 109 106 111 241 255 255 223   0 159 255
255 159   0 195 223 223 223 223 223 223 223 223 195   0 159 255
255 159   0   0   0   0   0   0   0   0   0   0   0   0 159 255
255 219 159 159 159 159 159 159 159 159 159 159 159 159 219 255
255 255 255 255 255 255 255 255 255 255 255 255 255 255 255 255
255 255 255 255 255 255 255 255 255 255 255 255 255 255 255 255
255 219 159 159 159 159 159 159 159 159 159 159 159 159 219 255
255 159   0   0   0   0   0   0   0   0   0   0   0   0 159 255
255 159   0 195 223 223 223 223 223 223 223 223 195   0 159 255
255 159   0 223 174 155 153 150 160 247 255 255 223   0 159 255
255 159   0 223 172 178 160 154 152 177 241 255 223   0 159 255
255 159   0 223 171 177 175 157 153 154 176 247 223   0 159 255
255 159   0 223 176 171 173 157 176 144 144 164 223   0 159 255
255 159   0 223 171 173 186 124 110 109 102 112 223   0 159 255
255 159   0 223 168 161 126 114 108 103 132 242 223   0 159 255
255 159   0 223 165 126 115 115 102 130 232 255 223   0 159 255
255 159   0 223 113 120 118 114 118 242 255 255 223   0 159 255
255 159   0 195 223 223 223 223 223 223 223 223 195   0 159 255
255 159   0   0   0   0   0   0   0   0   0   0   0   0 159 255
255 219 159 159 159 159 159 159 159 159 159 159 159 159 219 255
255 255 255 255 255 255 255 255 255 255 255 255 255 255 255 255

254 254 253 253 253 253 253 253 253 253 253 253 253 253 254 254
254 212 150 150 150 150 150 150 150 150 150 150 150 150 212 254
253 150   0   0   0   0   0   0   0   0   0   0   0   0 150 253
253 150   0  68 132 132 132 126 130 132 132 132  68   0 150 253
253 150   0 132 255 254 245 195 181 242 254 255 132   0 150 253
253 150   0 132 254 243 210 187 167 178 230 253 132   0 150 253
253 150   0 132 245 210 199 186 170 164 173 222 131   0 150 253
253 150   0 125 183 185 188 170 153 153 154 158 110   0 150 253
253 150   0 124 198 199 199 187 172 171 170 171 115   0 150 253
253 150   0 123 199 199 200 209 189 175 171 173 116   0 150 253
253 150   0 121 199 202 208 209 207 196 175 173 118   0 150 253
253 150   0 120 200 208 209 209 207 206 202 177 120   0 150 253
253 150   0  65 124 124 124 124 124 124 125 125  66   0 150 253
253 150   0   0   0   0   0   0   0   0   0   0   0   0 150 253
254 212 150 150 150 150 150 150 150 150 150 150 150 150 212 254
254 254 253 253 253 253 253 253 253 253 253 253 253 253 254 254
254 254 253 253 253 253 253 253 253 253 253 253 253 253 254 254
254 212 150 150 150 150 150 150 150 150 150 150 150 150 212 254
253 150   0   0   0   0   0   0   0   0   0   0   0   0 150 253
253 150   0  68 132 132 132 122 129 132 132 132  68   0 150 253
253 150   0 132 255 254 238 149 125 234 253 255 132   0 150 253
253 150   0 132 254 233 169 135  97 121 214 252 132   0 150 253
253 150   0 132 237 169 147 136 101  93 114 200 131   0 150 253
253 150   0 120 134 132 136 118  87  87  85  92  98   0 150 253
253 150   0 116 145 147 150 145 108 104 103 104 102   0 150 253
253 150   0 115 147 150 158 168 146 115 106 109 105   0 150 253
253 150   0 113 149 159 166 166 164 149 119 109 108   0 150 253
253 150   0 111 158 166 166 166 164 162 158 125 111   0 150 253
253 150   0  65 116 117 118 118 118 118 119 119  65   0 150 253
253 150   0   0   0   0   0   0   0   0   0   0   0   0 150 253
254 212 150 150 150 150 150 150 150 150 150 150 150 150 212 254
254 254 253 253 253 253 253 253 253 253 253 253 253 253 254 254
254 254 253 253 253 253 253 253 253 253 253 253 253 253 254 254
254 212 150 150 150 150 150 150 150 150 150 150 150 150 212 254
253 150   0   0   0   0   0   0   0   0   0   0   0   0 150 253
253 150   0  68 132 132 132 122 129 132 132 132  68   0 150 253
253 150   0 132 255 254 238 152 128 234 253 255 132   0 150 253
253 150   0 132 254 233 171 138 102 125 216 252 132   0 150 253
253 150   0 132 237 171 150 139 106  98 119 202 131   0 150 253
253 150   0 120 137 136 140 123  94  93  92  99  99   0 150 253
253 150   0 117 147 151 154 150 114 111 111 110 104   0 150 253
253 150   0 116 151 154 162 172 152 122 114 116 107   0 150 253
253 150   0 114 153 163 170 170 168 155 126 117 109   0 150 253
253 150   0 112 162 170 170 170 168 168 164 133 112   0 150 253
253 150   0  65 117 118 118 118 118 119 120 120  65   0 150 253
253 150   0   0   0   0   0   0   0   0   0   0   0   0 150 253
254 212 150 150 150 150 150 150 150 150 150 150 150 150 212 254
254 254 253 253 253 253 253 253 253 253 253 253 253 253 254 254

255 254 253 253 253 253 253 253 253 253 253 253 253 253 254 255
254 212 151 151 151 151 151 151 151 151 151 151 151 151 212 254
253 151   0   0   0   0   0   0   0   0   0   0   0   0 151 253
253 151   0  68 132 132 132 111 116 117 118 121  67   0 151 253
253 151   0 132 255 254 223 158 171 174 174 178 125   0 151 253
253 151   0 132 254 230 173 155 171 171 176 203 125   0 151 253
253 151   0 132 243 178 164 154 171 175 197 207 125   0 151 253
253 151   0 131 182 167 170 153 172 189 208 208 124   0 151 253
253 151   0 126 195 187 187 170 187 209 209 209 124   0 151 253
253 151   0 132 246 210 200 189 200 201 208 209 124   0 151 253
253 151   0 132 255 243 210 186 199 199 202 209 124   0 151 253
253 151   0 132 255 255 245 184 198 199 199 201 124   0 151 253
253 151   0  68 132 132 132 125 124 123 122 121  66   0 151 253
253 151   0   0   0   0   0   0   0   0   0   0   0   0 151 253
254 212 151 151 151 151 151 151 151 151 151 151 151 151 212 254
255 254 253 253 253 253 253 253 253 253 253 253 253 253 254 255
255 254 253 253 253 253 253 253 253 253 253 253 253 253 254 255
254 212 151 151 151 151 151 151 151 151 151 151 151 151 212 254
253 151   0   0   0   0   0   0   0   0   0   0   0   0 151 253
253 151   0  68 132 132 131  98 103 105 108 112  66   0 151 253
253 151   0 132 255 253 200  93 104 109 110 126 120   0 151 253
253 151   0 132 254 215 114  86 104 107 119 158 120   0 151 253
253 151   0 132 234 122  93  87 104 115 150 162 118   0 151 253
253 151   0 129 126  97 102  88 108 146 164 164 118   0 151 253
253 151   0 122 150 135 136 118 146 168 166 166 118   0 151 253
253 151   0 132 238 170 148 136 150 159 167 167 118   0 151 253
253 151   0 132 254 233 169 133 148 150 159 166 118   0 151 253
253 151   0 132 255 254 237 134 145 148 150 159 116   0 151 253
253 151   0  68 132 132 132 121 116 115 114 111  65   0 151 253
253 151   0   0   0   0   0   0   0   0   0   0   0   0 151 253
254 212 151 151 151 151 151 151 151 151 151 151 151 151 212 254
255 254 253 253 253 253 253 253 253 253 253 253 253 253 254 255
255 254 253 253 253 253 253 253 253 253 253 253 253 253 254 255
254 212 151 151 151 151 151 151 151 151 151 151 151 151 212 254
253 151   0   0   0   0   0   0   0   0   0   0   0   0 151 253
253 151   0  68 132 132 132  99 104 107 109 113  66   0 151 253
253 151   0 132 255 253 202  99 111 116 118 134 121   0 151 253
253 151   0 132 254 216 119  93 112 115 127 165 120   0 151 253
253 151   0 132 235 125  99  93 111 122 156 168 119   0 151 253
253 151   0 130 129 102 107  95 114 153 169 168 118   0 151 253
253 151   0 122 152 138 139 123 150 173 171 171 118   0 151 253
253 151   0 132 238 171 151 141 154 163 171 170 118   0 151 253
253 151   0 132 254 234 171 136 151 154 164 170 118   0 151 253
253 151   0 132 255 254 238 138 148 151 154 163 117   0 151 253
253 151   0  68 132 132 132 121 117 116 114 113  65   0 151 253
253 151   0   0   0   0   0   0   0   0   0   0   0   0 151 253
254 212 151 151 151 151 151 151 151 151 151 151 151 151 212 254
255 254 253 253 253 253 253 253 253 253 253 253 253 253 254 255
